$ 1 0.000005 40.34287934927352 51 5 43 5e-11
v 672 272 672 160 0 0 40 2.8 0 0 0.5
r -80 224 -80 288 0 51
415 560 224 560 160 0 0.001 1.5 0.003 0.003 0.000001 0.000001 58 0
c 592 160 592 224 4 1e-7 2.0498411838781005 0.001 0
t 448 240 480 240 2 1 0.594266161599115 0.6124462921635588 300 default
t 480 256 560 256 2 1 -0.018180130564443786 0.7319786855574554 200 default
r 448 240 400 240 0 1000
w 560 224 592 224 0
w 592 160 560 160 0
w 560 160 560 128 0
w 672 160 672 128 0
w 560 272 560 336 0
w 400 336 560 336 0
w 560 336 640 336 0
w 672 272 672 336 0
w 304 128 240 128 0
w 304 336 400 336 0
w 192 336 304 336 0
w 304 272 304 336 0
w 480 128 384 128 0
w 304 160 304 128 0
w 336 160 304 160 0
w 304 224 336 224 0
r 208 240 128 240 0 1000
t 240 256 304 256 2 1 -0.025810192021689216 0.731873765130649 200 default
t 208 240 240 240 2 1 0.5807819754637431 0.6065921674854323 300 default
c 336 160 336 224 4 1e-7 2.042316042847662 0.001 0
415 304 224 304 160 0 0.001 1.5 0.003 0.003 0.000001 0.000001 58 0
w -16 336 -48 336 0
162 -80 128 -80 224 2 default-led 1 0 0 0.01
w -80 128 -48 128 0
w 112 128 240 128 0
w 304 128 384 128 0
t 496 192 528 192 2 -1 1.565419843090818 -0.4844213407872826 100 default
w 480 128 512 128 0
w 528 160 528 176 0
w 512 128 528 128 0
w 528 128 560 128 0
w 560 224 560 240 0
w 464 192 496 192 0
w 384 240 368 240 0
t 224 192 272 192 2 -1 1.4759236861696385 -0.5663923566780231 100 default
w 304 160 272 160 0
w 304 224 304 240 0
w 272 176 272 160 0
174 192 224 224 160 5 100000 0.005 Resistance
174 448 160 464 208 5 100000 0.9950000000000001 Resistance
w 384 240 400 240 0
w 128 304 144 304 0
w 128 256 128 304 0
w 128 240 128 256 0
174 160 336 160 288 1 100000 0.5396000000000001 Resistance
174 400 336 368 272 1 100000 0.5396000000000001 Resistance
w 368 240 368 304 0
r 384 240 448 160 0 1000
r 128 240 192 160 0 1000
i -48 128 -48 272 0 0.001
i 384 128 384 208 0 0.001
s 640 128 560 128 0 0 false
w 240 224 304 224 0
s 384 208 384 240 0 0 false
w 272 208 304 224 0
w 480 224 560 224 0
w 528 208 560 224 0
w 560 160 528 160 0
d 624 224 624 160 2 default
d 368 224 368 160 2 default
w 368 160 336 160 0
w 336 224 368 224 0
w 592 160 624 160 0
w 592 224 624 224 0
209 640 128 640 336 4 0.00047 2.8 0.001 0.1 1
w 640 128 672 128 0
w 640 336 672 336 0
162 -112 128 -112 224 2 default-led 1 0 0 0.01
r -112 224 -112 288 0 51
w -80 128 -112 128 0
w -112 336 -112 288 0
w 128 256 208 256 0
174 192 272 208 336 1 10000 0.3416 Resistance
w 208 256 208 304 0
w 192 336 160 336 0
t -48 272 -16 272 2 1 0.5835363323815339 0.6268435285238327 100 default
t 80 272 48 272 2 1 -0.5082535548316633 -1.35669280230065 100 default
w -16 288 16 288 0
w 48 288 16 288 0
w -16 256 -16 240 0
w -16 240 -16 160 0
w -16 160 16 160 0
w 16 160 48 160 0
w 16 160 16 128 0
r 16 288 16 336 0 1000
174 112 240 80 304 1 10000 0.5 Resistance
w 112 304 112 336 0
w 112 240 112 128 0
r 48 160 48 208 0 1000
w 48 208 48 256 0
w 48 208 96 208 0
w -48 128 16 128 0
w 16 128 112 128 0
w 160 336 112 336 0
w 112 336 16 336 0
w 16 336 -16 336 0
w 96 208 128 240 0
174 -48 272 -48 320 5 10000 0.5 Resistance
w -80 288 -80 336 0
w -48 336 -80 336 0
w -80 336 -112 336 0
o 2 64 0 4099 5 0.8 0 2 2 3
o 27 64 0 4099 5 0.8 1 2 27 3
o 4 64 6 4098 0.078125 0.1 2 1
o 6 64 0 4099 1.25 0.0015625 3 2 6 3
