$ 1 0.000005 40.34287934927352 51 5 43 5e-11
v 608 224 608 112 0 0 40 2.8 0 0 0.5
r -16 176 -16 288 0 51
415 464 176 464 112 0 0.001 1.5 0.003 0.003 0.000001 0.000001 58 0
c 496 112 496 176 4 1e-7 2.0498411838780997 0.001 0
t 352 192 384 192 2 1 0.5942661615991097 0.6124462921635534 300 default
t 384 208 464 208 2 1 -0.018180130564443675 0.7319786855574564 200 default
r 352 192 304 192 0 1000
w 464 176 496 176 0
w 496 112 464 112 0
w 464 112 464 80 0
w 608 112 608 80 0
w 464 224 464 288 0
w 304 288 464 288 0
w 464 288 576 288 0
w 608 224 608 288 0
w 192 80 128 80 0
w 192 288 304 288 0
w 80 288 192 288 0
w 192 224 192 288 0
w 384 80 288 80 0
w 192 112 192 80 0
w 224 112 192 112 0
w 192 176 224 176 0
r 96 192 16 192 0 1000
t 128 208 192 208 2 1 -0.02448526304194487 0.733595966892647 200 default
t 96 192 128 192 2 1 0.5846310689880683 0.6091163320300131 300 default
c 224 112 224 176 4 1e-7 2.041918770065408 0.001 0
415 192 176 192 112 0 0.001 1.5 0.003 0.003 0.000001 0.000001 58 0
w 48 288 -16 288 0
162 -16 80 -16 176 2 default-led 1 0 0 0.01
w -16 80 16 80 0
w 16 80 128 80 0
w 192 80 288 80 0
t 400 144 432 144 2 -1 1.565419843090761 -0.48442134078733856 100 default
w 384 80 416 80 0
w 432 112 432 128 0
w 416 80 432 80 0
w 432 80 464 80 0
w 464 176 464 192 0
w 368 144 400 144 0
w 288 192 272 192 0
t 112 144 160 144 2 -1 1.483606743912308 -0.5583120261531 100 default
w 192 112 160 112 0
w 192 176 192 192 0
w 160 128 160 112 0
174 80 176 112 112 5 100000 0.005 Resistance
174 352 112 368 160 5 100000 0.9950000000000001 Resistance
w 288 192 304 192 0
w 16 256 32 256 0
w 16 208 16 256 0
w 16 192 16 208 0
174 48 288 48 240 1 100000 0.5396000000000001 Resistance
174 304 288 272 224 1 100000 0.5396000000000001 Resistance
w 272 192 272 256 0
r 288 192 352 112 0 1000
r 16 192 80 112 0 1000
i 16 80 16 112 0 0.001
i 288 80 288 160 0 0.001
s 576 80 464 80 0 0 false
w 128 176 192 176 0
s 16 160 16 192 0 0 false
s 288 160 288 192 0 0 false
w 160 160 192 176 0
w 384 176 464 176 0
w 432 160 464 176 0
w 464 112 432 112 0
d 528 176 528 112 2 default
d 256 176 256 112 2 default
w 256 112 224 112 0
w 224 176 256 176 0
w 496 112 528 112 0
w 496 176 528 176 0
209 576 80 576 288 4 0.00047 2.8 0.001 0.1 1
w 576 80 608 80 0
w 576 288 608 288 0
374 16 112 16 160 0 0.9703 明度
162 -48 80 -48 176 2 default-led 1 0 0 0.01
r -48 176 -48 288 0 51
w -16 80 -48 80 0
w -16 288 -48 288 0
w 16 208 96 208 0
174 80 224 96 288 1 10000 0.3416 Resistance
w 96 208 96 256 0
w 80 288 48 288 0
o 2 64 0 4099 5 0.8 0 2 2 3
o 27 64 0 4099 5 0.8 1 2 27 3
o 4 64 6 4098 0.078125 0.1 2 1
o 6 64 0 4099 1.25 0.0015625 3 2 6 3
