$ 1 0.000005 40.34287934927352 51 5 43 5e-11
v 544 352 544 240 0 0 40 2.8 0 0 0.5
r -64 304 -64 368 0 51
415 432 304 432 240 0 0.001 1.5 0.003 0.003 0.000001 0.000001 58 0
c 464 240 464 304 4 1e-7 2.032127621753194 0.001 0
t 320 320 352 320 2 1 0.5942085926592 0.6187751115405262 300 default
t 352 336 432 336 2 1 -0.024566518881326216 0.7433058593654798 200 default
r 320 320 272 320 0 1000
w 432 304 464 304 0
w 464 240 432 240 0
w 432 240 432 208 0
w 544 240 544 208 0
w 432 352 432 416 0
w 272 416 432 416 0
w 432 416 512 416 0
w 544 352 544 416 0
w 176 208 112 208 0
w 176 416 272 416 0
w 64 416 176 416 0
w 176 352 176 416 0
w 352 208 256 208 0
w 176 240 176 208 0
w 208 240 176 240 0
w 176 304 208 304 0
r 80 320 0 320 0 1000
t 112 336 176 336 2 1 -0.02456687671195823 0.7433055803339599 200 default
t 80 320 112 320 2 1 0.594207731286019 0.6187746079979772 300 default
c 208 240 208 304 4 1e-7 2.0321275429540817 0.001 0
415 176 304 176 240 0 0.001 1.5 0.003 0.003 0.000001 0.000001 58 0
162 -64 208 -64 304 2 default-led 1 0 0 0.01
w -96 208 -64 208 0
w 0 208 112 208 0
w 176 208 256 208 0
t 368 272 400 272 2 -1 1.55152183311312 -0.48060578864007386 100 default
w 352 208 384 208 0
w 400 240 400 256 0
w 384 208 400 208 0
w 400 208 432 208 0
w 432 304 432 320 0
w 256 320 240 320 0
t 96 272 144 272 2 -1 1.559861561353404 -0.4722659816006778 100 default
w 176 240 144 240 0
w 176 304 176 320 0
w 144 256 144 240 0
174 64 304 96 240 5 100000 0.005 Resistance
174 304 272 352 240 1 100000 0.9950000000000001 Resistance
w 256 320 272 320 0
w 0 384 16 384 0
w 0 336 0 384 0
w 0 320 0 336 0
174 32 416 32 368 1 100000 0.5396000000000001 Resistance
174 272 416 240 352 1 100000 0.5396000000000001 Resistance
w 240 320 240 384 0
r 256 320 304 240 0 1000
r 0 320 64 240 0 1000
i 0 208 0 288 0 0.001
i 256 208 256 288 0 0.001
s 512 208 432 208 0 0 false
w 112 304 176 304 0
s 256 288 256 320 0 0 false
w 144 288 176 304 0
w 352 304 432 304 0
w 400 288 432 304 0
w 432 240 400 240 0
d 496 304 496 240 2 default
d 240 304 240 240 2 default
w 240 240 208 240 0
w 208 304 240 304 0
w 464 240 496 240 0
w 464 304 496 304 0
209 512 208 512 416 4 0.00047 2.8 0.001 0.1 1
w 512 208 544 208 0
w 512 416 544 416 0
162 -128 208 -128 304 2 default-led 1 0 0 0.01
r -128 304 -128 368 0 51
w -96 208 -128 208 0
w -128 416 -128 368 0
w 64 416 32 416 0
w 32 416 0 416 0
w -64 368 -64 416 0
w -64 416 -96 416 0
w -96 416 -128 416 0
r -96 304 -96 368 0 51
w -96 304 -128 304 0
w -96 368 -128 368 0
r -32 304 -32 368 0 51
w -64 304 -32 304 0
w -32 368 -64 368 0
w -64 208 0 208 0
w -64 416 0 416 0
s 0 288 0 320 0 0 false
w 336 240 304 240 0
o 2 64 0 4099 5 0.8 0 2 2 3
o 27 64 0 4099 5 0.8 1 2 27 3
o 4 64 6 4098 0.15625 0.1 2 1
o 6 64 0 4099 1.25 0.0015625 3 2 6 3
